17
23
25
27
33
37
43
29
39
45
43
47
53
57
43
47
41
55
51
35
45
49
59
55
65
61
71
53
63
67
57
69
65
37
49
51
53
59
61
75
71
81
73
79
89
31
41
49
59
53
67
59
73
47
61
65
79
65
75
85
33
45
57
51
63
75
63
57
87
67
77
73
83
63
81
57
63
69
61
71
85
63
85
87
57
83
81
101
99
77
73
89
67
71
91
93
87
81
81
65
85
73
75
77
91
75
93
63
85
83
77
87
111
93
109
95
103
97
101
105
115
105
121
7
11
19
29
13
25
17
31
11
19
23
37
17
25
35
11
9
21
15
27
39
13
33
27
31
41
29
43
19
17
21
25
35
49
45
39
21
13
13
35
51
45
39